<html>
<head>
<script src='https://cdn.rawgit.com/BrainJS/brain.js/master/browser.js'></script>
</head>

<body>
<h1>Resultado</h1>
<div id='salida'>
xxxx
</div>

<script>
/* Red */
var net = new brain.recurrent.LSTMTimeStep();

/* Entrenamiento */
net.train(getStocks());

/* Predicción */
var result = net.run([5, 2, 8, 8]); // Se corrigió un error de sintaxis
document.getElementById("salida").innerHTML = result;

function getStocks() {
  return [
    [
      2, 3, 2, 18, 6, 10, 16, 6, 1, 1, 4, 21, 19, 1, 23, 29, 10, 1, 21, 13, 6, 1, 22, 12, 20, 2, 4, 8, 3, 25, 5, 13, 1, 1, 21, 10, 2, 18, 7, 11, 15, 5, 8, 8, 6, 6, 7, 9, 13, 1, 18, 19, 4, 5, 1, 15, 13, 2, 5, 1, 13, 1, 10, 4, 3, 4, 17, 27, 23, 1, 4, 8, 9, 21, 5, 5, 23, 3, 15, 4, 7, 4, 1, 11, 1, 3, 2, 1, 1, 6, 7, 14, 29, 9, 2, 10, 12, 6, 2, 5, 4, 14, 7, 5, 18, 2, 3, 3, 3, 15, 12, 21, 7, 3, 15, 11, 3, 6, 1, 5, 5, 4, 3, 6, 9, 8, 12, 10, 7, 18, 1, 10, 1, 1, 1, 1, 12, 2, 2, 2, 4, 7, 4, 8, 1, 6, 16, 2, 2, 2, 15, 7, 1, 1, 2, 21, 7, 1, 7, 2, 4, 9, 15, 14, 3, 1, 22, 1, 18, 8, 7, 5, 2, 2, 12, 8, 30, 4, 10, 5, 3, 8, 1, 8, 4, 12, 1, 4, 6, 3, 7, 8, 8, 6, 7, 6, 19, 1, 14, 12, 1, 10, 4, 8, 5, 1, 3, 7, 33, 5, 6, 6, 13, 1, 3, 3, 8, 3, 31, 7, 5, 10, 2, 13, 5, 9, 20, 3, 17, 5, 12, 13, 7, 25, 2, 9, 7, 5, 1, 3, 1, 23, 7, 5, 2, 16, 10, 1, 8, 6, 1, 2, 12, 1, 4, 7, 3, 20, 2, 9, 8, 15, 4, 10, 13, 35, 1, 9, 1, 1, 6, 10, 7, 2, 5, 8, 14, 18, 7, 5, 18, 18, 1, 3, 1, 4, 12, 5, 3, 7, 3, 5, 6, 30, 13, 4, 2, 1, 11, 2, 2, 10, 1, 9, 15, 1, 1, 2, 25, 4, 12, 12, 9, 1, 9, 2, 5, 17, 1, 4, 20, 14, 7, 9, 16, 8, 14, 1, 21, 2, 2, 5, 4, 4, 4, 1, 11, 3, 1, 2, 3, 6, 3, 6, 20, 4, 4, 9, 23, 1, 1, 3, 7, 6, 1, 1, 1, 3, 13, 13, 4, 11, 1, 6, 3, 10, 2, 6, 5, 15, 4, 4, 25, 19, 4, 6, 4, 7, 8, 1, 2, 2, 18, 1, 11, 12, 8, 4, 15, 6, 10, 2, 16, 14, 2, 6, 11, 9, 11, 3, 1, 11, 7, 22, 11, 5, 3, 12, 1, 1, 5, 2, 2, 3, 2, 10, 4, 4, 29, 5, 22, 1, 1, 8, 10, 8, 3, 6, 15, 7, 8, 5, 4, 24, 15, 7, 1, 12, 5, 5, 7, 1, 4, 3, 11, 15, 18, 14, 3, 1, 3, 9, 5, 9, 9, 3, 2, 3, 5, 37, 20, 12, 8, 5, 2, 8, 8
    ]
  ];
}
</script>
</body>
</html>
